# lambda tau_non_endemic P_end N gamma nruns M
    0.020000   1.05353895E+00     0.000000 300000   3.50 5000 933172
    0.021000   1.02788921E+00     0.000000 300000   3.50 5000 933172
    0.022000   1.06679981E+00     0.000000 300000   3.50 5000 933172
    0.023000   1.06736830E+00     0.000000 300000   3.50 5000 933172
    0.024000   1.06530467E+00     0.000000 300000   3.50 5000 933172
    0.025000   1.07013344E+00     0.000000 300000   3.50 5000 933172
    0.026000   1.05191191E+00     0.000000 300000   3.50 5000 933172
    0.027000   1.04784269E+00     0.000000 300000   3.50 5000 933172
    0.028000   1.04219394E+00     0.000000 300000   3.50 5000 933172
    0.029000   1.07345530E+00     0.000000 300000   3.50 5000 933172
    0.030000   1.08087261E+00     0.000000 300000   3.50 5000 933172
    0.031000   1.05728245E+00     0.000000 300000   3.50 5000 933172
    0.032000   1.09594253E+00     0.000000 300000   3.50 5000 933172
    0.033000   1.05476239E+00     0.000000 300000   3.50 5000 933172
    0.034000   1.09210964E+00     0.000000 300000   3.50 5000 933172
    0.035000   1.06337927E+00     0.000000 300000   3.50 5000 933172
    0.036000   1.09113871E+00     0.000000 300000   3.50 5000 933172
    0.037000   1.08624535E+00     0.000000 300000   3.50 5000 933172
    0.038000   1.13146224E+00     0.000000 300000   3.50 5000 933172
    0.039000   1.11838835E+00     0.000000 300000   3.50 5000 933172
    0.040000   1.09040487E+00     0.000000 300000   3.50 5000 933172
    0.041000   1.11060117E+00     0.000000 300000   3.50 5000 933172
    0.042000   1.07729540E+00     0.000000 300000   3.50 5000 933172
    0.043000   1.15537598E+00     0.000000 300000   3.50 5000 933172
    0.044000   1.12191665E+00     0.000000 300000   3.50 5000 933172
    0.045000   1.10072049E+00     0.000000 300000   3.50 5000 933172
    0.046000   1.14942299E+00     0.000000 300000   3.50 5000 933172
    0.047000   1.18347506E+00     0.000000 300000   3.50 5000 933172
    0.048000   1.16618273E+00     0.000000 300000   3.50 5000 933172
    0.049000   1.12813045E+00     0.000000 300000   3.50 5000 933172
    0.050000   1.15417706E+00     0.000000 300000   3.50 5000 933172
    0.051000   1.16472300E+00     0.000000 300000   3.50 5000 933172
    0.052000   1.16995615E+00     0.000000 300000   3.50 5000 933172
    0.053000   1.19315088E+00     0.000000 300000   3.50 5000 933172
    0.054000   1.16992320E+00     0.000000 300000   3.50 5000 933172
    0.055000   1.21412938E+00     0.000000 300000   3.50 5000 933172
    0.056000   1.18112789E+00     0.000000 300000   3.50 5000 933172
    0.057000   1.21672097E+00     0.000000 300000   3.50 5000 933172
    0.058000   1.17988091E+00     0.000000 300000   3.50 5000 933172
    0.059000   1.21610368E+00     0.000000 300000   3.50 5000 933172
    0.060000   1.18023904E+00     0.000000 300000   3.50 5000 933172
    0.061000   1.22156473E+00     0.000000 300000   3.50 5000 933172
    0.062000   1.22256325E+00     0.000000 300000   3.50 5000 933172
    0.063000   1.25849027E+00     0.000000 300000   3.50 5000 933172
    0.064000   1.23052024E+00     0.000000 300000   3.50 5000 933172
    0.065000   1.25171560E+00     0.000000 300000   3.50 5000 933172
    0.066000   1.23160974E+00     0.000000 300000   3.50 5000 933172
    0.067000   1.26703046E+00     0.000000 300000   3.50 5000 933172
    0.068000   1.27096302E+00     0.000000 300000   3.50 5000 933172
    0.069000   1.25655200E+00     0.000000 300000   3.50 5000 933172
    0.070000   1.30846909E+00     0.000000 300000   3.50 5000 933172
    0.071000   1.34758247E+00     0.000000 300000   3.50 5000 933172
    0.072000   1.35754912E+00     0.000000 300000   3.50 5000 933172
    0.073000   1.34122918E+00     0.000000 300000   3.50 5000 933172
    0.074000   1.38657323E+00     0.000000 300000   3.50 5000 933172
    0.075000   1.33621283E+00     0.000000 300000   3.50 5000 933172
    0.076000   1.32244914E+00     0.000000 300000   3.50 5000 933172
    0.077000   1.44273497E+00     0.000000 300000   3.50 5000 933172
    0.078000   1.48426583E+00     0.000000 300000   3.50 5000 933172
    0.079000   1.55939342E+00     0.000000 300000   3.50 5000 933172
    0.080000   1.67123452E+00     0.000600 300000   3.50 5000 933172
    0.081000   1.37803131E+00     0.000600 300000   3.50 5000 933172
    0.082000   1.51363461E+00     0.001000 300000   3.50 5000 933172
    0.083000   1.37905929E+00     0.001800 300000   3.50 5000 933172
    0.084000   1.39405161E+00     0.001000 300000   3.50 5000 933172
    0.085000   1.40668354E+00     0.002200 300000   3.50 5000 933172
    0.086000   1.40163769E+00     0.003400 300000   3.50 5000 933172
    0.087000   1.40786191E+00     0.002800 300000   3.50 5000 933172
    0.088000   1.39309964E+00     0.003600 300000   3.50 5000 933172
    0.089000   1.39637906E+00     0.003800 300000   3.50 5000 933172
    0.090000   1.42082507E+00     0.005600 300000   3.50 5000 933172
    0.091000   1.42541169E+00     0.003600 300000   3.50 5000 933172
    0.092000   1.41090109E+00     0.005000 300000   3.50 5000 933172
    0.093000   1.39117821E+00     0.004000 300000   3.50 5000 933172
    0.094000   1.42078797E+00     0.006000 300000   3.50 5000 933172
    0.095000   1.38626136E+00     0.006200 300000   3.50 5000 933172
    0.096000   1.44417546E+00     0.007400 300000   3.50 5000 933172
    0.097000   1.42153213E+00     0.007600 300000   3.50 5000 933172
    0.098000   1.42518283E+00     0.009600 300000   3.50 5000 933172
    0.099000   1.44478980E+00     0.007000 300000   3.50 5000 933172
    0.100000   1.45780814E+00     0.010400 300000   3.50 5000 933172
    0.101000   1.40289262E+00     0.011400 300000   3.50 5000 933172
    0.102000   1.44526950E+00     0.011400 300000   3.50 5000 933172
    0.103000   1.49800066E+00     0.013400 300000   3.50 5000 933172
    0.104000   1.41126461E+00     0.012600 300000   3.50 5000 933172
    0.105000   1.50427494E+00     0.014400 300000   3.50 5000 933172
    0.106000   1.44748212E+00     0.017000 300000   3.50 5000 933172
    0.107000   1.47296824E+00     0.017600 300000   3.50 5000 933172
    0.108000   1.42764064E+00     0.016200 300000   3.50 5000 933172
    0.109000   1.44866402E+00     0.018600 300000   3.50 5000 933172
    0.110000   1.48499889E+00     0.018800 300000   3.50 5000 933172
    0.111000   1.42921394E+00     0.021800 300000   3.50 5000 933172
    0.112000   1.45615468E+00     0.019200 300000   3.50 5000 933172
    0.113000   1.49254958E+00     0.020000 300000   3.50 5000 933172
    0.114000   1.44226752E+00     0.022800 300000   3.50 5000 933172
    0.115000   1.49159323E+00     0.025600 300000   3.50 5000 933172
